1.205630e-01	1.053807e-01	1.001504e-01	1.065458e-01	9.546402e-02	9.655275e-02	1.033971e-01	7.250255e-02	6.921065e-02	6.771104e-02	6.855603e-02	7.031002e-02	7.154147e-02	6.904592e-02	6.937464e-02	7.754124e-02	7.387750e-02	7.900657e-02	7.490674e-02	7.450539e-02	7.672525e-02	7.222635e-02	7.476279e-02	7.790152e-02	7.601458e-02	7.524818e-02	7.529650e-02	8.242753e-02	8.413225e-02	8.082814e-02	8.295955e-02	8.554682e-02	8.515867e-02	8.946949e-02	8.568476e-02	7.997765e-02	8.384977e-02	8.278574e-02	8.467278e-02	8.043736e-02	8.485650e-02	7.171385e-02	8.363963e-02	7.851563e-02	8.264000e-02	8.474651e-02	1.036646e-01	7.862240e-02	8.830350e-02	9.004449e-02	8.803064e-02	9.797498e-02	
1.053807e-01	1.331680e-01	1.092565e-01	1.119363e-01	1.055132e-01	1.064582e-01	1.102790e-01	6.572598e-02	6.300504e-02	6.167100e-02	6.293716e-02	6.524655e-02	6.439156e-02	6.174044e-02	6.215563e-02	7.311130e-02	6.750594e-02	7.574174e-02	6.969660e-02	6.868681e-02	7.003955e-02	6.668169e-02	6.974610e-02	7.024346e-02	7.066312e-02	6.878161e-02	6.874113e-02	8.210185e-02	8.257085e-02	7.805349e-02	8.180417e-02	8.322385e-02	8.259758e-02	8.890386e-02	8.468683e-02	7.770721e-02	8.252081e-02	7.882933e-02	8.358470e-02	7.979321e-02	8.249182e-02	6.698049e-02	8.265848e-02	7.632127e-02	8.200686e-02	8.065162e-02	9.665959e-02	7.578858e-02	8.266899e-02	8.749516e-02	8.972069e-02	9.830047e-02	
1.001504e-01	1.092565e-01	1.315768e-01	1.061318e-01	1.092250e-01	1.070127e-01	1.040951e-01	5.967936e-02	5.754769e-02	5.724852e-02	5.679693e-02	6.063760e-02	5.887271e-02	5.484896e-02	5.795084e-02	6.704182e-02	6.083755e-02	6.991287e-02	6.279806e-02	6.346589e-02	6.407881e-02	6.020643e-02	6.208355e-02	6.470259e-02	6.511677e-02	6.264848e-02	6.272115e-02	7.013844e-02	6.956875e-02	6.561280e-02	6.970694e-02	7.185347e-02	6.950955e-02	7.627926e-02	7.065281e-02	6.644435e-02	6.962409e-02	6.758914e-02	7.039304e-02	6.741216e-02	6.971954e-02	6.004270e-02	7.154529e-02	6.581917e-02	6.978766e-02	7.040002e-02	8.737311e-02	6.680600e-02	7.124889e-02	7.428191e-02	7.623096e-02	8.285020e-02	
1.065458e-01	1.119363e-01	1.061318e-01	1.319078e-01	1.004611e-01	1.032308e-01	1.095409e-01	7.497399e-02	7.165091e-02	7.008409e-02	7.071590e-02	7.316775e-02	7.338790e-02	7.043735e-02	7.154149e-02	8.038614e-02	7.517538e-02	8.201691e-02	7.662223e-02	7.705635e-02	7.838453e-02	7.324323e-02	7.631673e-02	7.895026e-02	7.862858e-02	7.677916e-02	7.716279e-02	8.443636e-02	8.601629e-02	8.333584e-02	8.493888e-02	8.803561e-02	8.610042e-02	9.044750e-02	8.787046e-02	8.206050e-02	8.585207e-02	8.289906e-02	8.681444e-02	8.311074e-02	8.643030e-02	7.308719e-02	8.646840e-02	8.056937e-02	8.471194e-02	8.955677e-02	1.081924e-01	8.280633e-02	9.291855e-02	9.594320e-02	8.831865e-02	9.827891e-02	
9.546402e-02	1.055132e-01	1.092250e-01	1.004611e-01	1.402830e-01	1.118205e-01	1.011703e-01	5.364850e-02	4.958003e-02	4.950519e-02	5.071634e-02	5.312128e-02	5.037042e-02	4.677731e-02	4.985638e-02	5.867288e-02	5.269126e-02	6.271975e-02	5.597965e-02	5.498838e-02	5.603347e-02	5.407205e-02	5.503005e-02	5.563703e-02	5.741258e-02	5.545295e-02	5.554176e-02	6.723075e-02	6.805233e-02	6.304157e-02	6.818357e-02	6.848651e-02	6.941322e-02	7.645792e-02	6.932780e-02	6.416965e-02	6.778375e-02	6.370851e-02	6.867793e-02	6.646556e-02	6.688691e-02	5.445364e-02	6.849497e-02	6.252257e-02	6.770672e-02	6.618364e-02	8.075579e-02	6.429900e-02	6.336531e-02	6.905846e-02	7.697042e-02	7.971719e-02	
9.655275e-02	1.064582e-01	1.070127e-01	1.032308e-01	1.118205e-01	1.371049e-01	1.022494e-01	6.265165e-02	5.965141e-02	5.877368e-02	5.933146e-02	6.106795e-02	6.050869e-02	5.681074e-02	5.836597e-02	6.659599e-02	6.152243e-02	6.942020e-02	6.376292e-02	6.413042e-02	6.455822e-02	6.232656e-02	6.454958e-02	6.566938e-02	6.635366e-02	6.368521e-02	6.436515e-02	7.538232e-02	7.526775e-02	7.170421e-02	7.531819e-02	7.702782e-02	7.660522e-02	8.073420e-02	7.662155e-02	7.134285e-02	7.617382e-02	7.109156e-02	7.597980e-02	7.458796e-02	7.588672e-02	6.226393e-02	7.760266e-02	7.068832e-02	7.530806e-02	7.729895e-02	9.293722e-02	7.355220e-02	7.436882e-02	8.722679e-02	8.063031e-02	8.519878e-02	
1.033971e-01	1.102790e-01	1.040951e-01	1.095409e-01	1.011703e-01	1.022494e-01	1.246778e-01	6.369665e-02	5.989363e-02	5.899744e-02	6.006024e-02	6.177594e-02	6.144812e-02	5.942393e-02	5.991193e-02	7.110475e-02	6.518014e-02	7.397285e-02	6.758969e-02	6.646944e-02	6.784152e-02	6.443881e-02	6.697776e-02	6.798868e-02	6.877764e-02	6.688824e-02	6.653646e-02	7.767372e-02	7.740014e-02	7.330557e-02	7.725203e-02	7.906419e-02	7.911584e-02	8.300087e-02	7.953570e-02	7.409980e-02	7.804067e-02	7.548686e-02	7.902774e-02	7.576906e-02	7.874074e-02	6.473887e-02	7.886514e-02	7.241854e-02	7.679678e-02	8.089617e-02	9.839620e-02	7.486824e-02	8.315345e-02	8.632116e-02	8.420953e-02	9.190225e-02	
7.250255e-02	6.572598e-02	5.967936e-02	7.497399e-02	5.364850e-02	6.265165e-02	6.369665e-02	1.551596e-01	1.429942e-01	1.377063e-01	1.386292e-01	1.424536e-01	1.463209e-01	1.439435e-01	1.384381e-01	1.256035e-01	1.367111e-01	1.115396e-01	1.249847e-01	1.319843e-01	1.326341e-01	1.260211e-01	1.302471e-01	1.382371e-01	1.257718e-01	1.325677e-01	1.307832e-01	1.130236e-01	1.212206e-01	1.277762e-01	1.187716e-01	1.310102e-01	1.218433e-01	1.224678e-01	1.256450e-01	1.192651e-01	1.275269e-01	1.260412e-01	1.172914e-01	1.172209e-01	1.251363e-01	1.244310e-01	1.240079e-01	1.254284e-01	1.174632e-01	1.387759e-01	1.602395e-01	1.301681e-01	1.478842e-01	1.585795e-01	1.239073e-01	1.292465e-01	
6.921065e-02	6.300504e-02	5.754769e-02	7.165091e-02	4.958003e-02	5.965141e-02	5.989363e-02	1.429942e-01	1.709714e-01	1.458777e-01	1.485438e-01	1.529493e-01	1.565369e-01	1.535293e-01	1.473235e-01	1.313385e-01	1.435000e-01	1.161168e-01	1.302814e-01	1.379187e-01	1.366542e-01	1.292991e-01	1.317605e-01	1.433228e-01	1.310137e-01	1.374251e-01	1.349886e-01	1.121575e-01	1.196521e-01	1.269138e-01	1.163355e-01	1.277513e-01	1.189974e-01	1.191883e-01	1.233843e-01	1.159223e-01	1.250008e-01	1.243002e-01	1.155602e-01	1.147374e-01	1.239208e-01	1.278410e-01	1.208910e-01	1.258064e-01	1.149272e-01	1.332946e-01	1.516696e-01	1.242238e-01	1.382443e-01	1.521187e-01	1.204050e-01	1.284298e-01	
6.771104e-02	6.167100e-02	5.724852e-02	7.008409e-02	4.950519e-02	5.877368e-02	5.899744e-02	1.377063e-01	1.458777e-01	1.597424e-01	1.418810e-01	1.461677e-01	1.486340e-01	1.480156e-01	1.415226e-01	1.265186e-01	1.386858e-01	1.117757e-01	1.264081e-01	1.328972e-01	1.327225e-01	1.249591e-01	1.293101e-01	1.367479e-01	1.251687e-01	1.323393e-01	1.296173e-01	1.081619e-01	1.159883e-01	1.237201e-01	1.128378e-01	1.244452e-01	1.152576e-01	1.167906e-01	1.191552e-01	1.128468e-01	1.210748e-01	1.221652e-01	1.115259e-01	1.108079e-01	1.194492e-01	1.217530e-01	1.180746e-01	1.220555e-01	1.108487e-01	1.319266e-01	1.503293e-01	1.245213e-01	1.403770e-01	1.500043e-01	1.216898e-01	1.243537e-01	
6.855603e-02	6.293716e-02	5.679693e-02	7.071590e-02	5.071634e-02	5.933146e-02	6.006024e-02	1.386292e-01	1.485438e-01	1.418810e-01	1.601078e-01	1.486509e-01	1.509455e-01	1.501534e-01	1.437651e-01	1.269250e-01	1.397688e-01	1.127693e-01	1.286164e-01	1.330641e-01	1.336165e-01	1.261435e-01	1.312493e-01	1.387071e-01	1.272553e-01	1.345596e-01	1.303732e-01	1.121844e-01	1.197399e-01	1.273201e-01	1.173928e-01	1.283142e-01	1.199291e-01	1.211956e-01	1.242855e-01	1.166267e-01	1.257086e-01	1.252787e-01	1.158482e-01	1.143947e-01	1.241877e-01	1.240904e-01	1.213112e-01	1.245076e-01	1.154189e-01	1.306321e-01	1.471666e-01	1.233541e-01	1.368290e-01	1.467929e-01	1.236345e-01	1.283653e-01	
7.031002e-02	6.524655e-02	6.063760e-02	7.316775e-02	5.312128e-02	6.106795e-02	6.177594e-02	1.424536e-01	1.529493e-01	1.461677e-01	1.486509e-01	1.723555e-01	1.553679e-01	1.528975e-01	1.482915e-01	1.315050e-01	1.439426e-01	1.160457e-01	1.314139e-01	1.384615e-01	1.383255e-01	1.302509e-01	1.328227e-01	1.431394e-01	1.308367e-01	1.394588e-01	1.351572e-01	1.115497e-01	1.187203e-01	1.272196e-01	1.170077e-01	1.286288e-01	1.193739e-01	1.210202e-01	1.224082e-01	1.157239e-01	1.256882e-01	1.252694e-01	1.145237e-01	1.141846e-01	1.233474e-01	1.274541e-01	1.222838e-01	1.268193e-01	1.149691e-01	1.363200e-01	1.552206e-01	1.287313e-01	1.416228e-01	1.542495e-01	1.245481e-01	1.312453e-01	
7.154147e-02	6.439156e-02	5.887271e-02	7.338790e-02	5.037042e-02	6.050869e-02	6.144812e-02	1.463209e-01	1.565369e-01	1.486340e-01	1.509455e-01	1.553679e-01	1.767851e-01	1.549060e-01	1.508644e-01	1.337944e-01	1.460543e-01	1.171091e-01	1.330121e-01	1.417041e-01	1.411851e-01	1.353980e-01	1.400322e-01	1.498934e-01	1.348424e-01	1.431422e-01	1.395879e-01	1.204312e-01	1.304780e-01	1.374717e-01	1.265011e-01	1.379751e-01	1.302602e-01	1.297912e-01	1.338697e-01	1.252122e-01	1.349018e-01	1.343024e-01	1.248691e-01	1.235429e-01	1.349683e-01	1.333895e-01	1.311646e-01	1.350238e-01	1.244117e-01	1.439392e-01	1.638282e-01	1.338731e-01	1.499970e-01	1.636419e-01	1.272974e-01	1.361541e-01	
6.904592e-02	6.174044e-02	5.484896e-02	7.043735e-02	4.677731e-02	5.681074e-02	5.942393e-02	1.439435e-01	1.535293e-01	1.480156e-01	1.501534e-01	1.528975e-01	1.549060e-01	1.759163e-01	1.484372e-01	1.329011e-01	1.455739e-01	1.185163e-01	1.330391e-01	1.382283e-01	1.379378e-01	1.296942e-01	1.336761e-01	1.419168e-01	1.307010e-01	1.377909e-01	1.344741e-01	1.118498e-01	1.183216e-01	1.269917e-01	1.154431e-01	1.269992e-01	1.190019e-01	1.202727e-01	1.237561e-01	1.155829e-01	1.255261e-01	1.250498e-01	1.138504e-01	1.116484e-01	1.232641e-01	1.258124e-01	1.202491e-01	1.240305e-01	1.138016e-01	1.300369e-01	1.484872e-01	1.236893e-01	1.375514e-01	1.454982e-01	1.216648e-01	1.296099e-01	
6.937464e-02	6.215563e-02	5.795084e-02	7.154149e-02	4.985638e-02	5.836597e-02	5.991193e-02	1.384381e-01	1.473235e-01	1.415226e-01	1.437651e-01	1.482915e-01	1.508644e-01	1.484372e-01	1.652927e-01	1.284651e-01	1.400627e-01	1.146541e-01	1.284483e-01	1.345690e-01	1.350693e-01	1.263924e-01	1.306367e-01	1.414150e-01	1.281740e-01	1.356603e-01	1.323421e-01	1.117188e-01	1.190612e-01	1.264944e-01	1.168291e-01	1.270341e-01	1.194982e-01	1.198507e-01	1.224134e-01	1.146049e-01	1.253492e-01	1.248400e-01	1.154941e-01	1.128248e-01	1.239123e-01	1.255591e-01	1.207366e-01	1.244139e-01	1.140201e-01	1.298630e-01	1.486110e-01	1.225613e-01	1.367570e-01	1.449589e-01	1.248540e-01	1.342311e-01	
7.754124e-02	7.311130e-02	6.704182e-02	8.038614e-02	5.867288e-02	6.659599e-02	7.110475e-02	1.256035e-01	1.313385e-01	1.265186e-01	1.269250e-01	1.315050e-01	1.337944e-01	1.329011e-01	1.284651e-01	1.383799e-01	1.294928e-01	1.090198e-01	1.197112e-01	1.231036e-01	1.237277e-01	1.151955e-01	1.207787e-01	1.276089e-01	1.189649e-01	1.224540e-01	1.203475e-01	1.066309e-01	1.132286e-01	1.192241e-01	1.106600e-01	1.203559e-01	1.142742e-01	1.149606e-01	1.177176e-01	1.103282e-01	1.172827e-01	1.171876e-01	1.109587e-01	1.088922e-01	1.169933e-01	1.154744e-01	1.151909e-01	1.155712e-01	1.094115e-01	1.244490e-01	1.432751e-01	1.163501e-01	1.322741e-01	1.405664e-01	1.156118e-01	1.219048e-01	
7.387750e-02	6.750594e-02	6.083755e-02	7.517538e-02	5.269126e-02	6.152243e-02	6.518014e-02	1.367111e-01	1.435000e-01	1.386858e-01	1.397688e-01	1.439426e-01	1.460543e-01	1.455739e-01	1.400627e-01	1.294928e-01	1.559191e-01	1.144987e-01	1.280574e-01	1.327092e-01	1.337089e-01	1.254125e-01	1.309172e-01	1.382433e-01	1.270974e-01	1.332801e-01	1.293466e-01	1.138596e-01	1.221590e-01	1.289157e-01	1.193627e-01	1.299952e-01	1.226131e-01	1.234116e-01	1.264975e-01	1.190590e-01	1.269521e-01	1.270935e-01	1.188170e-01	1.167353e-01	1.268073e-01	1.242195e-01	1.238082e-01	1.246609e-01	1.177000e-01	1.335869e-01	1.541522e-01	1.266104e-01	1.433408e-01	1.510619e-01	1.236046e-01	1.280213e-01	
7.900657e-02	7.574174e-02	6.991287e-02	8.201691e-02	6.271975e-02	6.942020e-02	7.397285e-02	1.115396e-01	1.161168e-01	1.117757e-01	1.127693e-01	1.160457e-01	1.171091e-01	1.185163e-01	1.146541e-01	1.090198e-01	1.144987e-01	1.189460e-01	1.073571e-01	1.085198e-01	1.092691e-01	1.016034e-01	1.059851e-01	1.127574e-01	1.057245e-01	1.087325e-01	1.064018e-01	9.519511e-02	9.934678e-02	1.032992e-01	9.765432e-02	1.047154e-01	9.970524e-02	1.010419e-01	1.024295e-01	9.707475e-02	1.030398e-01	1.029125e-01	9.693921e-02	9.679817e-02	1.026894e-01	1.012541e-01	1.008297e-01	9.982711e-02	9.616386e-02	1.084213e-01	1.262224e-01	1.017955e-01	1.139417e-01	1.199105e-01	1.046582e-01	1.104566e-01	
7.490674e-02	6.969660e-02	6.279806e-02	7.662223e-02	5.597965e-02	6.376292e-02	6.758969e-02	1.249847e-01	1.302814e-01	1.264081e-01	1.286164e-01	1.314139e-01	1.330121e-01	1.330391e-01	1.284483e-01	1.197112e-01	1.280574e-01	1.073571e-01	1.353073e-01	1.218525e-01	1.226813e-01	1.150603e-01	1.198740e-01	1.257462e-01	1.174590e-01	1.227582e-01	1.191715e-01	1.070088e-01	1.126594e-01	1.184746e-01	1.108354e-01	1.195544e-01	1.137513e-01	1.140866e-01	1.167208e-01	1.098823e-01	1.178839e-01	1.176225e-01	1.100182e-01	1.085340e-01	1.168764e-01	1.145451e-01	1.141971e-01	1.153482e-01	1.090841e-01	1.232996e-01	1.418029e-01	1.160292e-01	1.295930e-01	1.388055e-01	1.168285e-01	1.219514e-01	
7.450539e-02	6.868681e-02	6.346589e-02	7.705635e-02	5.498838e-02	6.413042e-02	6.646944e-02	1.319843e-01	1.379187e-01	1.328972e-01	1.330641e-01	1.384615e-01	1.417041e-01	1.382283e-01	1.345690e-01	1.231036e-01	1.327092e-01	1.085198e-01	1.218525e-01	1.499864e-01	1.322782e-01	1.245557e-01	1.284092e-01	1.386037e-01	1.270093e-01	1.328912e-01	1.301917e-01	1.135444e-01	1.217227e-01	1.266222e-01	1.179941e-01	1.279662e-01	1.227072e-01	1.224229e-01	1.235912e-01	1.168432e-01	1.264087e-01	1.240568e-01	1.179470e-01	1.157364e-01	1.250974e-01	1.228645e-01	1.224110e-01	1.223206e-01	1.159233e-01	1.370818e-01	1.579730e-01	1.262059e-01	1.443247e-01	1.579090e-01	1.207251e-01	1.290062e-01	
7.672525e-02	7.003955e-02	6.407881e-02	7.838453e-02	5.603347e-02	6.455822e-02	6.784152e-02	1.326341e-01	1.366542e-01	1.327225e-01	1.336165e-01	1.383255e-01	1.411851e-01	1.379378e-01	1.350693e-01	1.237277e-01	1.337089e-01	1.092691e-01	1.226813e-01	1.322782e-01	1.501194e-01	1.258590e-01	1.304214e-01	1.390500e-01	1.274872e-01	1.327565e-01	1.301852e-01	1.174711e-01	1.254666e-01	1.295265e-01	1.214949e-01	1.307145e-01	1.265472e-01	1.277254e-01	1.287321e-01	1.211239e-01	1.301269e-01	1.278063e-01	1.224301e-01	1.187583e-01	1.287568e-01	1.234221e-01	1.249855e-01	1.259859e-01	1.198117e-01	1.356808e-01	1.572482e-01	1.266843e-01	1.437463e-01	1.547743e-01	1.233633e-01	1.320162e-01	
7.222635e-02	6.668169e-02	6.020643e-02	7.324323e-02	5.407205e-02	6.232656e-02	6.443881e-02	1.260211e-01	1.292991e-01	1.249591e-01	1.261435e-01	1.302509e-01	1.353980e-01	1.296942e-01	1.263924e-01	1.151955e-01	1.254125e-01	1.016034e-01	1.150603e-01	1.245557e-01	1.258590e-01	1.417268e-01	1.275323e-01	1.341243e-01	1.209353e-01	1.282181e-01	1.250165e-01	1.186857e-01	1.286035e-01	1.331857e-01	1.256105e-01	1.346678e-01	1.301252e-01	1.269214e-01	1.320251e-01	1.235564e-01	1.337292e-01	1.297748e-01	1.239623e-01	1.223183e-01	1.323472e-01	1.230717e-01	1.271776e-01	1.276588e-01	1.226017e-01	1.411737e-01	1.614695e-01	1.293782e-01	1.480595e-01	1.626955e-01	1.243495e-01	1.341387e-01	
7.476279e-02	6.974610e-02	6.208355e-02	7.631673e-02	5.503005e-02	6.454958e-02	6.697776e-02	1.302471e-01	1.317605e-01	1.293101e-01	1.312493e-01	1.328227e-01	1.400322e-01	1.336761e-01	1.306367e-01	1.207787e-01	1.309172e-01	1.059851e-01	1.198740e-01	1.284092e-01	1.304214e-01	1.275323e-01	1.569441e-01	1.392192e-01	1.244315e-01	1.329546e-01	1.280272e-01	1.357288e-01	1.482648e-01	1.526797e-01	1.455300e-01	1.532200e-01	1.495881e-01	1.479333e-01	1.539704e-01	1.418645e-01	1.510242e-01	1.476166e-01	1.451341e-01	1.407932e-01	1.519285e-01	1.313998e-01	1.464285e-01	1.443275e-01	1.407294e-01	1.535771e-01	1.722667e-01	1.397387e-01	1.616052e-01	1.730026e-01	1.376263e-01	1.437370e-01	
7.790152e-02	7.024346e-02	6.470259e-02	7.895026e-02	5.563703e-02	6.566938e-02	6.798868e-02	1.382371e-01	1.433228e-01	1.367479e-01	1.387071e-01	1.431394e-01	1.498934e-01	1.419168e-01	1.414150e-01	1.276089e-01	1.382433e-01	1.127574e-01	1.257462e-01	1.386037e-01	1.390500e-01	1.341243e-01	1.392192e-01	1.734560e-01	1.345310e-01	1.413745e-01	1.375604e-01	1.288707e-01	1.383984e-01	1.435537e-01	1.348781e-01	1.441373e-01	1.395694e-01	1.396325e-01	1.418951e-01	1.331566e-01	1.440558e-01	1.400160e-01	1.350576e-01	1.311101e-01	1.432921e-01	1.348265e-01	1.371425e-01	1.383635e-01	1.325134e-01	1.463787e-01	1.701495e-01	1.330891e-01	1.539373e-01	1.679471e-01	1.303153e-01	1.409407e-01	
7.601458e-02	7.066312e-02	6.511677e-02	7.862858e-02	5.741258e-02	6.635366e-02	6.877764e-02	1.257718e-01	1.310137e-01	1.251687e-01	1.272553e-01	1.308367e-01	1.348424e-01	1.307010e-01	1.281740e-01	1.189649e-01	1.270974e-01	1.057245e-01	1.174590e-01	1.270093e-01	1.274872e-01	1.209353e-01	1.244315e-01	1.345310e-01	1.394716e-01	1.273001e-01	1.249332e-01	1.137009e-01	1.213969e-01	1.259519e-01	1.180577e-01	1.261474e-01	1.228431e-01	1.225457e-01	1.243708e-01	1.169952e-01	1.266671e-01	1.232421e-01	1.188896e-01	1.150258e-01	1.259233e-01	1.197059e-01	1.211506e-01	1.209636e-01	1.164761e-01	1.312987e-01	1.510423e-01	1.200579e-01	1.367762e-01	1.491593e-01	1.185115e-01	1.277042e-01	
7.524818e-02	6.878161e-02	6.264848e-02	7.677916e-02	5.545295e-02	6.368521e-02	6.688824e-02	1.325677e-01	1.374251e-01	1.323393e-01	1.345596e-01	1.394588e-01	1.431422e-01	1.377909e-01	1.356603e-01	1.224540e-01	1.332801e-01	1.087325e-01	1.227582e-01	1.328912e-01	1.327565e-01	1.282181e-01	1.329546e-01	1.413745e-01	1.273001e-01	1.534590e-01	1.315978e-01	1.222923e-01	1.295791e-01	1.352944e-01	1.274117e-01	1.355512e-01	1.317133e-01	1.309364e-01	1.335155e-01	1.250102e-01	1.363499e-01	1.323140e-01	1.271829e-01	1.239810e-01	1.346162e-01	1.273471e-01	1.293001e-01	1.306999e-01	1.246855e-01	1.396282e-01	1.593998e-01	1.289087e-01	1.466150e-01	1.615369e-01	1.280819e-01	1.389556e-01	
7.529650e-02	6.874113e-02	6.272115e-02	7.716279e-02	5.554176e-02	6.436515e-02	6.653646e-02	1.307832e-01	1.349886e-01	1.296173e-01	1.303732e-01	1.351572e-01	1.395879e-01	1.344741e-01	1.323421e-01	1.203475e-01	1.293466e-01	1.064018e-01	1.191715e-01	1.301917e-01	1.301852e-01	1.250165e-01	1.280272e-01	1.375604e-01	1.249332e-01	1.315978e-01	1.468560e-01	1.148724e-01	1.232021e-01	1.276058e-01	1.197550e-01	1.297738e-01	1.246518e-01	1.229531e-01	1.252998e-01	1.189397e-01	1.287419e-01	1.247538e-01	1.191464e-01	1.176657e-01	1.263150e-01	1.227055e-01	1.229562e-01	1.241939e-01	1.180236e-01	1.369907e-01	1.593776e-01	1.268203e-01	1.454553e-01	1.594839e-01	1.213052e-01	1.317542e-01	
8.242753e-02	8.210185e-02	7.013844e-02	8.443636e-02	6.723075e-02	7.538232e-02	7.767372e-02	1.130236e-01	1.121575e-01	1.081619e-01	1.121844e-01	1.115497e-01	1.204312e-01	1.118498e-01	1.117188e-01	1.066309e-01	1.138596e-01	9.519511e-02	1.070088e-01	1.135444e-01	1.174711e-01	1.186857e-01	1.357288e-01	1.288707e-01	1.137009e-01	1.222923e-01	1.148724e-01	1.745352e-01	1.680082e-01	1.651967e-01	1.653082e-01	1.664366e-01	1.692203e-01	1.673264e-01	1.751606e-01	1.566546e-01	1.684526e-01	1.587058e-01	1.663980e-01	1.569343e-01	1.702929e-01	1.298618e-01	1.607692e-01	1.523742e-01	1.585200e-01	1.539937e-01	1.701908e-01	1.341189e-01	1.572665e-01	1.695842e-01	1.510207e-01	1.598693e-01	
8.413225e-02	8.257085e-02	6.956875e-02	8.601629e-02	6.805233e-02	7.526775e-02	7.740014e-02	1.212206e-01	1.196521e-01	1.159883e-01	1.197399e-01	1.187203e-01	1.304780e-01	1.183216e-01	1.190612e-01	1.132286e-01	1.221590e-01	9.934678e-02	1.126594e-01	1.217227e-01	1.254666e-01	1.286035e-01	1.482648e-01	1.383984e-01	1.213969e-01	1.295791e-01	1.232021e-01	1.680082e-01	2.062909e-01	1.829077e-01	1.831287e-01	1.838852e-01	1.862360e-01	1.824544e-01	1.950151e-01	1.732409e-01	1.847368e-01	1.757571e-01	1.824962e-01	1.731593e-01	1.896236e-01	1.411471e-01	1.778271e-01	1.684010e-01	1.739068e-01	1.705819e-01	1.870292e-01	1.481529e-01	1.763132e-01	1.859701e-01	1.594417e-01	1.668685e-01	
8.082814e-02	7.805349e-02	6.561280e-02	8.333584e-02	6.304157e-02	7.170421e-02	7.330557e-02	1.277762e-01	1.269138e-01	1.237201e-01	1.273201e-01	1.272196e-01	1.374717e-01	1.269917e-01	1.264944e-01	1.192241e-01	1.289157e-01	1.032992e-01	1.184746e-01	1.266222e-01	1.295265e-01	1.331857e-01	1.526797e-01	1.435537e-01	1.259519e-01	1.352944e-01	1.276058e-01	1.651967e-01	1.829077e-01	2.055781e-01	1.808658e-01	1.856273e-01	1.854670e-01	1.804520e-01	1.926313e-01	1.731539e-01	1.841086e-01	1.763269e-01	1.792014e-01	1.722325e-01	1.878591e-01	1.449804e-01	1.778107e-01	1.703361e-01	1.729219e-01	1.767606e-01	1.925543e-01	1.565414e-01	1.822307e-01	1.977643e-01	1.585882e-01	1.649097e-01	
8.295955e-02	8.180417e-02	6.970694e-02	8.493888e-02	6.818357e-02	7.531819e-02	7.725203e-02	1.187716e-01	1.163355e-01	1.128378e-01	1.173928e-01	1.170077e-01	1.265011e-01	1.154431e-01	1.168291e-01	1.106600e-01	1.193627e-01	9.765432e-02	1.108354e-01	1.179941e-01	1.214949e-01	1.256105e-01	1.455300e-01	1.348781e-01	1.180577e-01	1.274117e-01	1.197550e-01	1.653082e-01	1.831287e-01	1.808658e-01	1.959814e-01	1.814464e-01	1.844578e-01	1.787121e-01	1.920237e-01	1.707302e-01	1.816880e-01	1.731506e-01	1.800564e-01	1.707353e-01	1.859112e-01	1.384751e-01	1.753236e-01	1.658012e-01	1.711851e-01	1.697828e-01	1.869568e-01	1.487178e-01	1.748578e-01	1.871551e-01	1.592390e-01	1.649545e-01	
8.554682e-02	8.322385e-02	7.185347e-02	8.803561e-02	6.848651e-02	7.702782e-02	7.906419e-02	1.310102e-01	1.277513e-01	1.244452e-01	1.283142e-01	1.286288e-01	1.379751e-01	1.269992e-01	1.270341e-01	1.203559e-01	1.299952e-01	1.047154e-01	1.195544e-01	1.279662e-01	1.307145e-01	1.346678e-01	1.532200e-01	1.441373e-01	1.261474e-01	1.355512e-01	1.297738e-01	1.664366e-01	1.838852e-01	1.856273e-01	1.814464e-01	2.059393e-01	1.862820e-01	1.808611e-01	1.921006e-01	1.746821e-01	1.854893e-01	1.763851e-01	1.798676e-01	1.730892e-01	1.870736e-01	1.458956e-01	1.793820e-01	1.711210e-01	1.738583e-01	1.825361e-01	2.040882e-01	1.624362e-01	1.905076e-01	2.032046e-01	1.635800e-01	1.687766e-01	
8.515867e-02	8.259758e-02	6.950955e-02	8.610042e-02	6.941322e-02	7.660522e-02	7.911584e-02	1.218433e-01	1.189974e-01	1.152576e-01	1.199291e-01	1.193739e-01	1.302602e-01	1.190019e-01	1.194982e-01	1.142742e-01	1.226131e-01	9.970524e-02	1.137513e-01	1.227072e-01	1.265472e-01	1.301252e-01	1.495881e-01	1.395694e-01	1.228431e-01	1.317133e-01	1.246518e-01	1.692203e-01	1.862360e-01	1.854670e-01	1.844578e-01	1.862820e-01	2.072809e-01	1.835794e-01	1.949381e-01	1.752104e-01	1.864177e-01	1.772305e-01	1.839609e-01	1.740053e-01	1.906670e-01	1.418386e-01	1.790346e-01	1.687061e-01	1.755276e-01	1.748605e-01	1.945278e-01	1.534636e-01	1.809318e-01	1.956557e-01	1.634039e-01	1.692648e-01	
8.946949e-02	8.890386e-02	7.627926e-02	9.044750e-02	7.645792e-02	8.073420e-02	8.300087e-02	1.224678e-01	1.191883e-01	1.167906e-01	1.211956e-01	1.210202e-01	1.297912e-01	1.202727e-01	1.198507e-01	1.149606e-01	1.234116e-01	1.010419e-01	1.140866e-01	1.224229e-01	1.277254e-01	1.269214e-01	1.479333e-01	1.396325e-01	1.225457e-01	1.309364e-01	1.229531e-01	1.673264e-01	1.824544e-01	1.804520e-01	1.787121e-01	1.808611e-01	1.835794e-01	2.075720e-01	1.917178e-01	1.696062e-01	1.831508e-01	1.733961e-01	1.808480e-01	1.684890e-01	1.857434e-01	1.382893e-01	1.745029e-01	1.651540e-01	1.718826e-01	1.611715e-01	1.789233e-01	1.435982e-01	1.650995e-01	1.733203e-01	1.581207e-01	1.593770e-01	
8.568476e-02	8.468683e-02	7.065281e-02	8.787046e-02	6.932780e-02	7.662155e-02	7.953570e-02	1.256450e-01	1.233843e-01	1.191552e-01	1.242855e-01	1.224082e-01	1.338697e-01	1.237561e-01	1.224134e-01	1.177176e-01	1.264975e-01	1.024295e-01	1.167208e-01	1.235912e-01	1.287321e-01	1.320251e-01	1.539704e-01	1.418951e-01	1.243708e-01	1.335155e-01	1.252998e-01	1.751606e-01	1.950151e-01	1.926313e-01	1.920237e-01	1.921006e-01	1.949381e-01	1.917178e-01	2.254937e-01	1.815384e-01	1.935707e-01	1.833820e-01	1.915678e-01	1.812206e-01	1.979519e-01	1.460462e-01	1.856745e-01	1.751162e-01	1.827359e-01	1.780631e-01	1.945412e-01	1.546916e-01	1.828920e-01	1.952036e-01	1.640143e-01	1.706542e-01	
7.997765e-02	7.770721e-02	6.644435e-02	8.206050e-02	6.416965e-02	7.134285e-02	7.409980e-02	1.192651e-01	1.159223e-01	1.128468e-01	1.166267e-01	1.157239e-01	1.252122e-01	1.155829e-01	1.146049e-01	1.103282e-01	1.190590e-01	9.707475e-02	1.098823e-01	1.168432e-01	1.211239e-01	1.235564e-01	1.418645e-01	1.331566e-01	1.169952e-01	1.250102e-01	1.189397e-01	1.566546e-01	1.732409e-01	1.731539e-01	1.707302e-01	1.746821e-01	1.752104e-01	1.696062e-01	1.815384e-01	1.831596e-01	1.740580e-01	1.662288e-01	1.712281e-01	1.637217e-01	1.753485e-01	1.348727e-01	1.682149e-01	1.596273e-01	1.637472e-01	1.685429e-01	1.873481e-01	1.489629e-01	1.772199e-01	1.883493e-01	1.549648e-01	1.601697e-01	
8.384977e-02	8.252081e-02	6.962409e-02	8.585207e-02	6.778375e-02	7.617382e-02	7.804067e-02	1.275269e-01	1.250008e-01	1.210748e-01	1.257086e-01	1.256882e-01	1.349018e-01	1.255261e-01	1.253492e-01	1.172827e-01	1.269521e-01	1.030398e-01	1.178839e-01	1.264087e-01	1.301269e-01	1.337292e-01	1.510242e-01	1.440558e-01	1.266671e-01	1.363499e-01	1.287419e-01	1.684526e-01	1.847368e-01	1.841086e-01	1.816880e-01	1.854893e-01	1.864177e-01	1.831508e-01	1.935707e-01	1.740580e-01	2.072658e-01	1.764780e-01	1.823191e-01	1.728749e-01	1.889479e-01	1.442893e-01	1.783247e-01	1.706828e-01	1.739935e-01	1.747772e-01	1.933361e-01	1.538152e-01	1.792087e-01	1.940231e-01	1.659564e-01	1.727477e-01	
8.278574e-02	7.882933e-02	6.758914e-02	8.289906e-02	6.370851e-02	7.109156e-02	7.548686e-02	1.260412e-01	1.243002e-01	1.221652e-01	1.252787e-01	1.252694e-01	1.343024e-01	1.250498e-01	1.248400e-01	1.171876e-01	1.270935e-01	1.029125e-01	1.176225e-01	1.240568e-01	1.278063e-01	1.297748e-01	1.476166e-01	1.400160e-01	1.232421e-01	1.323140e-01	1.247538e-01	1.587058e-01	1.757571e-01	1.763269e-01	1.731506e-01	1.763851e-01	1.772305e-01	1.733961e-01	1.833820e-01	1.662288e-01	1.764780e-01	1.904444e-01	1.714152e-01	1.646161e-01	1.795573e-01	1.410924e-01	1.709728e-01	1.636353e-01	1.660562e-01	1.710916e-01	1.899895e-01	1.516890e-01	1.792312e-01	1.890460e-01	1.553190e-01	1.609972e-01	
8.467278e-02	8.358470e-02	7.039304e-02	8.681444e-02	6.867793e-02	7.597980e-02	7.902774e-02	1.172914e-01	1.155602e-01	1.115259e-01	1.158482e-01	1.145237e-01	1.248691e-01	1.138504e-01	1.154941e-01	1.109587e-01	1.188170e-01	9.693921e-02	1.100182e-01	1.179470e-01	1.224301e-01	1.239623e-01	1.451341e-01	1.350576e-01	1.188896e-01	1.271829e-01	1.191464e-01	1.663980e-01	1.824962e-01	1.792014e-01	1.800564e-01	1.798676e-01	1.839609e-01	1.808480e-01	1.915678e-01	1.712281e-01	1.823191e-01	1.714152e-01	2.014458e-01	1.701793e-01	1.852455e-01	1.372871e-01	1.732228e-01	1.641065e-01	1.711233e-01	1.648882e-01	1.816741e-01	1.435817e-01	1.690045e-01	1.829720e-01	1.607457e-01	1.668203e-01	
8.043736e-02	7.979321e-02	6.741216e-02	8.311074e-02	6.646556e-02	7.458796e-02	7.576906e-02	1.172209e-01	1.147374e-01	1.108079e-01	1.143947e-01	1.141846e-01	1.235429e-01	1.116484e-01	1.128248e-01	1.088922e-01	1.167353e-01	9.679817e-02	1.085340e-01	1.157364e-01	1.187583e-01	1.223183e-01	1.407932e-01	1.311101e-01	1.150258e-01	1.239810e-01	1.176657e-01	1.569343e-01	1.731593e-01	1.722325e-01	1.707353e-01	1.730892e-01	1.740053e-01	1.684890e-01	1.812206e-01	1.637217e-01	1.728749e-01	1.646161e-01	1.701793e-01	1.842750e-01	1.760416e-01	1.349241e-01	1.680486e-01	1.589894e-01	1.635654e-01	1.703302e-01	1.881225e-01	1.486351e-01	1.730081e-01	1.927343e-01	1.498528e-01	1.563207e-01	
8.485650e-02	8.249182e-02	6.971954e-02	8.643030e-02	6.688691e-02	7.588672e-02	7.874074e-02	1.251363e-01	1.239208e-01	1.194492e-01	1.241877e-01	1.233474e-01	1.349683e-01	1.232641e-01	1.239123e-01	1.169933e-01	1.268073e-01	1.026894e-01	1.168764e-01	1.250974e-01	1.287568e-01	1.323472e-01	1.519285e-01	1.432921e-01	1.259233e-01	1.346162e-01	1.263150e-01	1.702929e-01	1.896236e-01	1.878591e-01	1.859112e-01	1.870736e-01	1.906670e-01	1.857434e-01	1.979519e-01	1.753485e-01	1.889479e-01	1.795573e-01	1.852455e-01	1.760416e-01	2.124481e-01	1.447449e-01	1.805154e-01	1.717645e-01	1.777665e-01	1.737309e-01	1.903810e-01	1.508850e-01	1.772907e-01	1.897827e-01	1.598983e-01	1.678501e-01	
7.171385e-02	6.698049e-02	6.004270e-02	7.308719e-02	5.445364e-02	6.226393e-02	6.473887e-02	1.244310e-01	1.278410e-01	1.217530e-01	1.240904e-01	1.274541e-01	1.333895e-01	1.258124e-01	1.255591e-01	1.154744e-01	1.242195e-01	1.012541e-01	1.145451e-01	1.228645e-01	1.234221e-01	1.230717e-01	1.313998e-01	1.348265e-01	1.197059e-01	1.273471e-01	1.227055e-01	1.298618e-01	1.411471e-01	1.449804e-01	1.384751e-01	1.458956e-01	1.418386e-01	1.382893e-01	1.460462e-01	1.348727e-01	1.442893e-01	1.410924e-01	1.372871e-01	1.349241e-01	1.447449e-01	1.469045e-01	1.395047e-01	1.376718e-01	1.343526e-01	1.499668e-01	1.705436e-01	1.342749e-01	1.555131e-01	1.726356e-01	1.307647e-01	1.404434e-01	
8.363963e-02	8.265848e-02	7.154529e-02	8.646840e-02	6.849497e-02	7.760266e-02	7.886514e-02	1.240079e-01	1.208910e-01	1.180746e-01	1.213112e-01	1.222838e-01	1.311646e-01	1.202491e-01	1.207366e-01	1.151909e-01	1.238082e-01	1.008297e-01	1.141971e-01	1.224110e-01	1.249855e-01	1.271776e-01	1.464285e-01	1.371425e-01	1.211506e-01	1.293001e-01	1.229562e-01	1.607692e-01	1.778271e-01	1.778107e-01	1.753236e-01	1.793820e-01	1.790346e-01	1.745029e-01	1.856745e-01	1.682149e-01	1.783247e-01	1.709728e-01	1.732228e-01	1.680486e-01	1.805154e-01	1.395047e-01	1.924684e-01	1.645721e-01	1.677396e-01	1.761074e-01	1.969237e-01	1.560631e-01	1.822978e-01	1.954106e-01	1.551255e-01	1.594384e-01	
7.851563e-02	7.632127e-02	6.581917e-02	8.056937e-02	6.252257e-02	7.068832e-02	7.241854e-02	1.254284e-01	1.258064e-01	1.220555e-01	1.245076e-01	1.268193e-01	1.350238e-01	1.240305e-01	1.244139e-01	1.155712e-01	1.246609e-01	9.982711e-02	1.153482e-01	1.223206e-01	1.259859e-01	1.276588e-01	1.443275e-01	1.383635e-01	1.209636e-01	1.306999e-01	1.241939e-01	1.523742e-01	1.684010e-01	1.703361e-01	1.658012e-01	1.711210e-01	1.687061e-01	1.651540e-01	1.751162e-01	1.596273e-01	1.706828e-01	1.636353e-01	1.641065e-01	1.589894e-01	1.717645e-01	1.376718e-01	1.645721e-01	1.790374e-01	1.590189e-01	1.666765e-01	1.855268e-01	1.485996e-01	1.720204e-01	1.869413e-01	1.492843e-01	1.561565e-01	
8.264000e-02	8.200686e-02	6.978766e-02	8.471194e-02	6.770672e-02	7.530806e-02	7.679678e-02	1.174632e-01	1.149272e-01	1.108487e-01	1.154189e-01	1.149691e-01	1.244117e-01	1.138016e-01	1.140201e-01	1.094115e-01	1.177000e-01	9.616386e-02	1.090841e-01	1.159233e-01	1.198117e-01	1.226017e-01	1.407294e-01	1.325134e-01	1.164761e-01	1.246855e-01	1.180236e-01	1.585200e-01	1.739068e-01	1.729219e-01	1.711851e-01	1.738583e-01	1.755276e-01	1.718826e-01	1.827359e-01	1.637472e-01	1.739935e-01	1.660562e-01	1.711233e-01	1.635654e-01	1.777665e-01	1.343526e-01	1.677396e-01	1.590189e-01	1.840507e-01	1.652001e-01	1.830433e-01	1.451919e-01	1.687876e-01	1.839452e-01	1.484318e-01	1.562364e-01	
8.474651e-02	8.065162e-02	7.040002e-02	8.955677e-02	6.618364e-02	7.729895e-02	8.089617e-02	1.387759e-01	1.332946e-01	1.319266e-01	1.306321e-01	1.363200e-01	1.439392e-01	1.300369e-01	1.298630e-01	1.244490e-01	1.335869e-01	1.084213e-01	1.232996e-01	1.370818e-01	1.356808e-01	1.411737e-01	1.535771e-01	1.463787e-01	1.312987e-01	1.396282e-01	1.369907e-01	1.539937e-01	1.705819e-01	1.767606e-01	1.697828e-01	1.825361e-01	1.748605e-01	1.611715e-01	1.780631e-01	1.685429e-01	1.747772e-01	1.710916e-01	1.648882e-01	1.703302e-01	1.737309e-01	1.499668e-01	1.761074e-01	1.666765e-01	1.652001e-01	2.473302e-01	2.641789e-01	2.038723e-01	2.401347e-01	2.684633e-01	1.575271e-01	1.633670e-01	
1.036646e-01	9.665959e-02	8.737311e-02	1.081924e-01	8.075579e-02	9.293722e-02	9.839620e-02	1.602395e-01	1.516696e-01	1.503293e-01	1.471666e-01	1.552206e-01	1.638282e-01	1.484872e-01	1.486110e-01	1.432751e-01	1.541522e-01	1.262224e-01	1.418029e-01	1.579730e-01	1.572482e-01	1.614695e-01	1.722667e-01	1.701495e-01	1.510423e-01	1.593998e-01	1.593776e-01	1.701908e-01	1.870292e-01	1.925543e-01	1.869568e-01	2.040882e-01	1.945278e-01	1.789233e-01	1.945412e-01	1.873481e-01	1.933361e-01	1.899895e-01	1.816741e-01	1.881225e-01	1.903810e-01	1.705436e-01	1.969237e-01	1.855268e-01	1.830433e-01	2.641789e-01	3.409958e-01	2.365495e-01	2.764877e-01	3.087837e-01	1.750099e-01	1.865589e-01	
7.862240e-02	7.578858e-02	6.680600e-02	8.280633e-02	6.429900e-02	7.355220e-02	7.486824e-02	1.301681e-01	1.242238e-01	1.245213e-01	1.233541e-01	1.287313e-01	1.338731e-01	1.236893e-01	1.225613e-01	1.163501e-01	1.266104e-01	1.017955e-01	1.160292e-01	1.262059e-01	1.266843e-01	1.293782e-01	1.397387e-01	1.330891e-01	1.200579e-01	1.289087e-01	1.268203e-01	1.341189e-01	1.481529e-01	1.565414e-01	1.487178e-01	1.624362e-01	1.534636e-01	1.435982e-01	1.546916e-01	1.489629e-01	1.538152e-01	1.516890e-01	1.435817e-01	1.486351e-01	1.508850e-01	1.342749e-01	1.560631e-01	1.485996e-01	1.451919e-01	2.038723e-01	2.365495e-01	2.050438e-01	2.171970e-01	2.377011e-01	1.458469e-01	1.514331e-01	
8.830350e-02	8.266899e-02	7.124889e-02	9.291855e-02	6.336531e-02	7.436882e-02	8.315345e-02	1.478842e-01	1.382443e-01	1.403770e-01	1.368290e-01	1.416228e-01	1.499970e-01	1.375514e-01	1.367570e-01	1.322741e-01	1.433408e-01	1.139417e-01	1.295930e-01	1.443247e-01	1.437463e-01	1.480595e-01	1.616052e-01	1.539373e-01	1.367762e-01	1.466150e-01	1.454553e-01	1.572665e-01	1.763132e-01	1.822307e-01	1.748578e-01	1.905076e-01	1.809318e-01	1.650995e-01	1.828920e-01	1.772199e-01	1.792087e-01	1.792312e-01	1.690045e-01	1.730081e-01	1.772907e-01	1.555131e-01	1.822978e-01	1.720204e-01	1.687876e-01	2.401347e-01	2.764877e-01	2.171970e-01	2.901388e-01	2.807657e-01	1.734454e-01	1.768754e-01	
9.004449e-02	8.749516e-02	7.428191e-02	9.594320e-02	6.905846e-02	8.722679e-02	8.632116e-02	1.585795e-01	1.521187e-01	1.500043e-01	1.467929e-01	1.542495e-01	1.636419e-01	1.454982e-01	1.449589e-01	1.405664e-01	1.510619e-01	1.199105e-01	1.388055e-01	1.579090e-01	1.547743e-01	1.626955e-01	1.730026e-01	1.679471e-01	1.491593e-01	1.615369e-01	1.594839e-01	1.695842e-01	1.859701e-01	1.977643e-01	1.871551e-01	2.032046e-01	1.956557e-01	1.733203e-01	1.952036e-01	1.883493e-01	1.940231e-01	1.890460e-01	1.829720e-01	1.927343e-01	1.897827e-01	1.726356e-01	1.954106e-01	1.869413e-01	1.839452e-01	2.684633e-01	3.087837e-01	2.377011e-01	2.807657e-01	3.575886e-01	1.772698e-01	1.901478e-01	
8.803064e-02	8.972069e-02	7.623096e-02	8.831865e-02	7.697042e-02	8.063031e-02	8.420953e-02	1.239073e-01	1.204050e-01	1.216898e-01	1.236345e-01	1.245481e-01	1.272974e-01	1.216648e-01	1.248540e-01	1.156118e-01	1.236046e-01	1.046582e-01	1.168285e-01	1.207251e-01	1.233633e-01	1.243495e-01	1.376263e-01	1.303153e-01	1.185115e-01	1.280819e-01	1.213052e-01	1.510207e-01	1.594417e-01	1.585882e-01	1.592390e-01	1.635800e-01	1.634039e-01	1.581207e-01	1.640143e-01	1.549648e-01	1.659564e-01	1.553190e-01	1.607457e-01	1.498528e-01	1.598983e-01	1.307647e-01	1.551255e-01	1.492843e-01	1.484318e-01	1.575271e-01	1.750099e-01	1.458469e-01	1.734454e-01	1.772698e-01	2.229351e-01	2.052913e-01	
9.797498e-02	9.830047e-02	8.285020e-02	9.827891e-02	7.971719e-02	8.519878e-02	9.190225e-02	1.292465e-01	1.284298e-01	1.243537e-01	1.283653e-01	1.312453e-01	1.361541e-01	1.296099e-01	1.342311e-01	1.219048e-01	1.280213e-01	1.104566e-01	1.219514e-01	1.290062e-01	1.320162e-01	1.341387e-01	1.437370e-01	1.409407e-01	1.277042e-01	1.389556e-01	1.317542e-01	1.598693e-01	1.668685e-01	1.649097e-01	1.649545e-01	1.687766e-01	1.692648e-01	1.593770e-01	1.706542e-01	1.601697e-01	1.727477e-01	1.609972e-01	1.668203e-01	1.563207e-01	1.678501e-01	1.404434e-01	1.594384e-01	1.561565e-01	1.562364e-01	1.633670e-01	1.865589e-01	1.514331e-01	1.768754e-01	1.901478e-01	2.052913e-01	2.610313e-01	
